population<- c(179323175,182992000,185771000,188483000,191141000,193526000,195576000,197457000,	
199399000,201385000,203235298,206212000,208230000,209851000,211392000,213124000,214659000,	
216332000,218059000,220099000,225349264,229146000,231534000,233981000,236158000,238740000,	
240132887,242282918,245807000,248239000,248709873,252177000,255082000,257908000,260341000,	
262755000,265228572,267637000,270296000,272690813,281421906,285317559,287973924,290690788,	
293656842,296507061,299398484,301621157,304374846,307006550,308745538)
total.crimes<- c(3384200,3488000,3752200,4109500,4564600,4739400,5223500,5903400,6720200,	
7410900,8098000,8588200,8248800,8718100,10253400,11292400,11349700,10984500,11209000,12249500,
13408300,	3423800,12974400,12108600,11881800,12431400,13211869,13508700,13923100,14251400,	
14475600,14872900,14438200,14144800,13989500,13862700,13493863,13194571,12475634,11634378,	
11608072,11876669,11878954,11826538,11679474,11565499,11401511,11251828,11160543,10762956,	
10329135)

#rescaling variables
population<- population/100000000
total.crimes<- total.crimes/1000000

#(a) Plot the total number of crimes (in millions) against the population size (in 100 millions). 
#Describe the graph.

#(b) Fit an AICC-optimal loess curve using linear local polynomials. What is the value of the 
#optimal smoothing parameter?

#(c) Was the total number of crimes in 2010 below the predicted value? By how much?


  
  