A <- c(3, 4, 4, 5, 7, 8)
B <- c(10, 11, 11, 12, 18)
C <- c(4, 5, 6, 6, 9, 10)

